[gd_scene load_steps=12 format=3 uid="uid://cmp7s4kdopcyr"]

[ext_resource type="Script" path="res://addons/road-generator/nodes/road_container.gd" id="1_6leno"]
[ext_resource type="Material" uid="uid://clyc7ic3l3k4j" path="res://materials/road_mat_memphis.material" id="2_elos8"]
[ext_resource type="Script" path="res://addons/road-generator/nodes/road_point.gd" id="3_ijm2s"]
[ext_resource type="PackedScene" uid="uid://cnef1hn5llg6o" path="res://scenes/road_segments/bridge_1_src.tscn" id="3_tsorb"]
[ext_resource type="PackedScene" uid="uid://2simdt241l4j" path="res://models/wheelie_bits/sign_circle.tscn" id="5_boj18"]
[ext_resource type="Shader" path="res://materials/base_shader.gdshader" id="6_m4q0d"]
[ext_resource type="Script" path="res://actors/obstacles/random_speed_bump.gd" id="7_lca1g"]
[ext_resource type="PackedScene" uid="uid://dtdkh5wijduyy" path="res://actors/characters/mr_donut.tscn" id="8_yy657"]

[sub_resource type="BoxShape3D" id="BoxShape3D_b6ytw"]
size = Vector3(27.8337, 1.53256, 16.1456)

[sub_resource type="CylinderMesh" id="CylinderMesh_15su3"]
top_radius = 10.0
bottom_radius = 10.0
height = 27.0

[sub_resource type="ShaderMaterial" id="ShaderMaterial_o80px"]
render_priority = 0
shader = ExtResource("6_m4q0d")
shader_parameter/speed = null
shader_parameter/angle = null
shader_parameter/angle2 = null
shader_parameter/col = Color(1, 0.117724, 0.954207, 0.407843)
shader_parameter/col_dark = Color(0, 0, 0, 1)
shader_parameter/col_light = Color(1, 1, 1, 0.372549)
shader_parameter/col_star = Color(1, 0, 1, 0)

[node name="RoadStraight" type="Node3D"]
script = ExtResource("1_6leno")
material_resource = ExtResource("2_elos8")
create_geo = false
use_lowpoly_preview = true
generate_ai_lanes = true
edge_containers = Array[NodePath]([NodePath(""), NodePath("")])
edge_rp_targets = Array[NodePath]([NodePath(""), NodePath("")])
edge_rp_target_dirs = Array[int]([-1, -1])
edge_rp_locals = Array[NodePath]([NodePath("RP_001"), NodePath("RP_002")])
edge_rp_local_dirs = Array[int]([0, 1])

[node name="Bridge_1" parent="." instance=ExtResource("3_tsorb")]
transform = Transform3D(3.473, 0, 0, 0, 3.473, 0, 0, 0, 3.473, 0, 0.386198, 0.0693111)

[node name="RP_001" type="Node3D" parent="."]
transform = Transform3D(1, 0, 0, 0, 1, 0, 0, 0, 1, 0, 1, 27.8033)
script = ExtResource("3_ijm2s")
traffic_dir = [1, 1, 1, 1]
lanes = [0, 3, 3, 2]
gutter_profile = Vector2(2, -0.1)
prior_pt_init = NodePath("../RP_002")

[node name="RP_002" type="Node3D" parent="."]
transform = Transform3D(1, 0, 0, 0, 1, 0, 0, 0, 1, 0, 1, -27.7993)
script = ExtResource("3_ijm2s")
traffic_dir = [1, 1, 1, 1]
lanes = [0, 3, 3, 2]
gutter_profile = Vector2(2, -0.1)
next_pt_init = NodePath("../RP_001")
prior_mag = 16.0
next_mag = 16.0

[node name="SIGN-CIRCLE" parent="." instance=ExtResource("5_boj18")]
transform = Transform3D(2.17845, 1.66724, -5.96251e-07, 0, -9.81056e-07, -2.74323, -1.66724, 2.17845, -7.79074e-07, -8.64854, 0.3473, 23.7801)

[node name="SIGN-CIRCLE2" parent="." instance=ExtResource("5_boj18")]
transform = Transform3D(2.22561, -1.60374, 5.73543e-07, 0, -9.81056e-07, -2.74323, 1.60374, 2.22561, -7.9594e-07, 9.54355, 0.3473, 23.7801)

[node name="StaticBody3D" type="StaticBody3D" parent="."]
transform = Transform3D(1, 0, 0, 0, 0.983306, -0.181961, 0, 0.181961, 0.983306, 0, 0, -20.5748)

[node name="CollisionShape3D" type="CollisionShape3D" parent="StaticBody3D"]
transform = Transform3D(1, 0, 0, 0, 0.997826, 0.0659082, 0, -0.0659082, 0.997826, 0.11438, 0.983512, 1.25525)
shape = SubResource("BoxShape3D_b6ytw")

[node name="MeshInstance3D" type="MeshInstance3D" parent="."]
transform = Transform3D(-4.37114e-08, 1, -4.37114e-08, 0, -4.37114e-08, -1, -1, -4.37114e-08, 1.91069e-15, 0, -8.95662, -27.7934)
mesh = SubResource("CylinderMesh_15su3")
surface_material_override/0 = SubResource("ShaderMaterial_o80px")

[node name="RandomDonut" type="Node3D" parent="."]
transform = Transform3D(1, 0, 0, 0, 1, 0, 0, 0, 1, 0, 0, 29.5126)
script = ExtResource("7_lca1g")

[node name="MrDonut" parent="RandomDonut" instance=ExtResource("8_yy657")]
transform = Transform3D(0.0938129, 0, -0.99559, 0, 1, 0, 0.99559, 0, 0.0938129, -1.84478, 1.94573, -1.56345)

[node name="MrDonut2" parent="RandomDonut" instance=ExtResource("8_yy657")]
transform = Transform3D(0.0938129, 0, -0.99559, 0, 1, 0, 0.99559, 0, 0.0938129, 6.17349, 1.94573, -1.56345)

[node name="MrDonut3" parent="RandomDonut" instance=ExtResource("8_yy657")]
transform = Transform3D(0.0938129, 0, -0.99559, 0, 1, 0, 0.99559, 0, 0.0938129, -5.93337, 1.94573, -1.56345)

[node name="MrDonut4" parent="RandomDonut" instance=ExtResource("8_yy657")]
transform = Transform3D(0.0938129, 0, -0.99559, 0, 1, 0, 0.99559, 0, 0.0938129, 2.11468, 1.94573, -1.56345)
